<?xml version="1.0" encoding="utf-8" standalone="no"?>
<customField name="CP-1">
    <vertices>
-196.09 100.06 -326.36|
-193.09 100.06 -326.34|
-190.09 100.05 -326.32|
-187.09 100.04 -326.31|
-184.09 100.02 -326.29|
-181.09 100.00 -326.27|
-178.09 100.00 -326.25|
-175.09 100.00 -326.23|
-172.09 100.00 -326.21|
-169.09 100.00 -326.19|
-166.09 100.00 -326.17|
-163.09 100.00 -326.15|
-160.09 100.00 -326.13|
-157.09 100.00 -326.11|
-154.09 100.00 -326.09|
-151.09 100.00 -326.07|
-148.09 100.00 -326.05|
-145.09 100.00 -326.03|
-142.09 100.00 -326.01|
-139.09 100.00 -325.99|
-136.09 100.00 -325.97|
-133.09 100.00 -325.95|
-130.09 100.00 -325.93|
-127.09 100.00 -325.91|
-124.09 100.02 -325.89|
-121.09 100.07 -325.87|
-118.09 100.15 -325.85|
-115.09 100.26 -325.83|
-112.09 100.40 -325.81|
-109.09 100.55 -325.79|
-106.09 100.72 -325.77|
-103.09 100.89 -325.75|
-100.09 101.07 -325.73|
-97.09 101.26 -325.71|
-94.09 101.46 -325.69|
-91.09 101.68 -325.68|
-88.09 101.91 -325.66|
-85.09 102.15 -325.64|
-82.09 102.40 -325.62|
-79.09 102.66 -325.60|
-76.09 102.93 -325.58|
-73.09 103.20 -325.56|
-70.09 103.46 -325.54|
-67.09 103.72 -325.52|
-64.09 103.98 -325.50|
-61.10 104.21 -325.48|
-58.10 104.44 -325.46|
-55.10 104.65 -325.44|
-52.10 104.84 -325.42|
-49.10 105.01 -325.40|
-46.10 105.16 -325.38|
-43.10 105.28 -325.36|
-40.10 105.39 -325.34|
-37.10 105.49 -325.32|
-34.10 105.56 -325.30|
-31.10 105.63 -325.28|
-28.10 105.69 -325.26|
-22.77 105.76 -325.23|
-22.76 105.46 -322.23|
-22.76 105.12 -319.23|
-22.75 104.75 -316.23|
-22.74 104.35 -313.23|
-22.73 103.94 -310.23|
-22.73 103.53 -307.23|
-22.72 103.11 -304.23|
-22.71 102.70 -301.23|
-22.71 102.30 -298.23|
-22.70 101.92 -295.23|
-22.69 101.57 -292.23|
-22.68 101.26 -289.23|
-22.68 100.97 -286.23|
-22.67 100.73 -283.23|
-22.66 100.52 -280.23|
-22.66 100.35 -277.23|
-22.65 100.21 -274.23|
-22.64 100.11 -271.23|
-22.63 100.04 -268.23|
-22.63 100.00 -265.23|
-22.62 100.00 -262.23|
-22.61 100.00 -259.23|
-22.61 100.00 -256.23|
-22.60 100.00 -253.23|
-22.59 100.00 -250.23|
-22.58 100.00 -247.23|
-22.58 100.00 -244.23|
-22.57 100.00 -241.23|
-22.56 100.00 -238.23|
-22.56 100.00 -235.23|
-22.55 100.00 -232.23|
-22.54 100.00 -229.23|
-22.53 100.00 -226.23|
-22.53 100.00 -223.23|
-22.52 100.00 -220.23|
-22.51 100.00 -217.23|
-22.51 100.00 -214.23|
-22.50 100.00 -211.23|
-22.49 100.00 -208.23|
-22.48 100.00 -205.23|
-22.48 100.00 -202.23|
-22.47 100.00 -199.23|
-22.46 100.00 -196.23|
-22.45 100.00 -193.23|
-22.45 100.00 -190.23|
-22.44 100.00 -187.23|
-22.43 100.00 -184.23|
-22.43 100.00 -181.23|
-22.42 100.00 -178.23|
-22.41 100.00 -175.23|
-22.40 100.00 -172.23|
-22.39 100.00 -166.70|
-25.39 100.00 -166.70|
-28.39 100.00 -166.70|
-31.39 100.00 -166.70|
-34.39 100.00 -166.70|
-37.39 100.03 -166.70|
-40.39 100.07 -166.70|
-43.39 100.14 -166.70|
-46.39 100.23 -166.70|
-49.39 100.35 -166.70|
-52.39 100.49 -166.70|
-55.39 100.66 -166.70|
-58.39 100.84 -166.70|
-61.39 101.04 -166.70|
-64.39 101.24 -166.70|
-67.39 101.44 -166.70|
-70.39 101.63 -166.70|
-73.39 101.81 -166.70|
-76.39 101.98 -166.70|
-79.39 102.12 -166.70|
-82.39 102.24 -166.70|
-85.39 102.32 -166.70|
-88.39 102.38 -166.70|
-91.39 102.41 -166.70|
-94.39 102.41 -166.70|
-97.39 102.40 -166.70|
-100.39 102.35 -166.70|
-103.39 102.28 -166.70|
-106.39 102.19 -166.70|
-109.39 102.08 -166.70|
-112.39 101.97 -166.70|
-115.39 101.83 -166.70|
-118.39 101.70 -166.70|
-121.39 101.55 -166.70|
-124.39 101.39 -166.70|
-127.39 101.23 -166.70|
-130.39 101.08 -166.70|
-133.39 100.92 -166.70|
-136.39 100.76 -166.70|
-139.39 100.61 -166.70|
-142.39 100.46 -166.70|
-145.39 100.33 -166.70|
-148.39 100.20 -166.70|
-151.39 100.09 -166.70|
-154.39 100.02 -166.70|
-157.39 100.00 -166.70|
-160.39 100.00 -166.70|
-163.39 100.00 -166.70|
-166.39 100.00 -166.70|
-169.39 100.00 -166.70|
-172.39 100.00 -166.70|
-175.39 100.00 -166.70|
-178.39 100.00 -166.70|
-181.39 100.00 -166.70|
-184.39 100.00 -166.70|
-187.39 100.00 -166.70|
-190.39 100.00 -166.70|
-195.71 100.13 -166.70|
-195.71 100.15 -169.70|
-195.71 100.14 -172.70|
-195.71 100.09 -175.70|
-195.71 100.08 -178.70|
-195.71 100.08 -181.70|
-195.71 100.08 -184.70|
-195.71 100.08 -187.70|
-195.71 100.07 -190.70|
-195.71 100.05 -193.70|
-195.71 100.05 -196.70|
-195.71 100.10 -199.70|
-195.71 100.13 -202.70|
-195.71 100.23 -205.70|
-195.71 100.30 -208.70|
-195.71 100.40 -211.70|
-195.71 100.50 -214.70|
-195.71 100.59 -217.70|
-195.71 100.73 -220.70|
-195.71 100.90 -223.70|
-195.71 101.03 -226.70|
-195.71 101.29 -229.70|
-195.71 101.42 -232.70|
-195.71 101.46 -235.70|
-195.71 101.53 -238.70|
-195.71 101.59 -241.70|
-195.71 101.66 -244.70|
-195.71 101.71 -247.70|
-195.71 101.74 -250.70|
-195.71 101.76 -253.70|
-195.71 101.77 -256.70|
-195.71 101.62 -259.70|
-195.71 101.49 -262.70|
-195.71 101.34 -265.70|
-195.71 101.17 -268.70|
-195.71 101.09 -271.70|
-195.71 101.12 -274.70|
-195.71 101.07 -277.70|
-195.71 100.94 -280.70|
-195.71 100.85 -283.70|
-195.71 100.73 -286.70|
-195.71 100.61 -289.70|
-195.71 100.53 -292.70|
-195.71 100.47 -295.70|
-195.71 100.37 -298.70|
-195.71 100.23 -301.70|
-195.71 100.18 -304.70|
-195.71 100.13 -307.70|
-195.71 100.12 -310.70|
-195.71 100.12 -313.70|
-195.71 100.10 -316.70|
-195.71 100.09 -319.70|
-195.71 100.08 -322.70|
-195.71 100.06 -326.74|
</vertices>
</customField>
