<?xml version="1.0" encoding="utf-8" standalone="no"?>
<customField name="CP-2">
    <vertices>
43.26 100.00 -152.17|
43.26 100.00 -149.17|
43.26 100.00 -146.17|
43.26 100.00 -143.17|
43.26 100.00 -140.17|
43.26 100.00 -137.17|
43.26 100.00 -134.17|
43.26 100.00 -131.17|
43.26 100.00 -128.17|
43.26 100.00 -125.17|
43.26 100.00 -122.17|
43.26 100.00 -119.17|
43.26 100.00 -116.17|
43.26 100.00 -113.17|
43.26 100.00 -110.17|
43.26 100.00 -107.17|
43.26 100.00 -104.17|
43.26 100.00 -101.17|
43.26 100.00 -98.17|
43.26 100.00 -95.17|
43.26 100.00 -92.17|
43.26 100.00 -89.17|
43.26 100.00 -86.17|
43.26 100.00 -83.17|
43.26 100.00 -80.17|
43.26 100.00 -77.17|
43.26 100.00 -74.17|
43.26 100.00 -71.17|
43.26 100.00 -68.17|
43.26 100.00 -65.17|
43.26 100.00 -62.17|
43.26 100.00 -59.17|
43.26 100.00 -56.17|
43.26 100.00 -52.80|
40.26 100.00 -52.83|
37.26 100.00 -52.86|
34.26 100.00 -52.89|
31.26 100.00 -52.91|
28.26 100.00 -52.94|
25.26 100.00 -52.97|
22.26 100.00 -53.00|
19.26 100.00 -53.03|
16.26 100.00 -53.05|
13.26 100.00 -53.08|
10.26 100.03 -53.11|
7.26 100.09 -53.14|
2.30 100.22 -53.18|
1.16 100.23 -55.96|
0.02 100.23 -58.73|
-1.12 100.22 -61.51|
-2.26 100.21 -64.29|
-3.39 100.19 -67.06|
-4.53 100.18 -69.84|
-5.67 100.16 -72.61|
-6.81 100.15 -75.39|
-7.95 100.15 -78.17|
-9.08 100.15 -80.94|
-10.22 100.16 -83.72|
-11.36 100.17 -86.49|
-12.50 100.19 -89.27|
-13.64 100.21 -92.04|
-14.77 100.23 -94.82|
-15.91 100.26 -97.60|
-17.05 100.29 -100.37|
-18.19 100.32 -103.15|
-19.32 100.36 -105.92|
-20.46 100.39 -108.70|
-21.60 100.42 -111.47|
-22.74 100.45 -114.25|
-23.88 100.48 -117.03|
-25.01 100.51 -119.80|
-26.15 100.54 -122.58|
-27.29 100.56 -125.35|
-28.43 100.57 -128.13|
-29.57 100.58 -130.91|
-30.70 100.58 -133.68|
-31.84 100.58 -136.46|
-32.98 100.57 -139.23|
-34.12 100.54 -142.01|
-35.26 100.52 -144.78|
-36.39 100.49 -147.56|
-38.28 100.42 -152.17|
-35.28 100.28 -152.17|
-32.28 100.17 -152.17|
-29.28 100.08 -152.17|
-26.28 100.03 -152.17|
-23.28 100.00 -152.17|
-20.28 100.00 -152.17|
-17.28 100.00 -152.17|
-14.28 100.00 -152.17|
-11.28 100.00 -152.17|
-8.28 100.00 -152.17|
-5.28 100.00 -152.17|
-2.28 100.00 -152.17|
0.72 100.00 -152.17|
3.72 100.00 -152.17|
6.72 100.00 -152.17|
9.72 100.00 -152.17|
12.72 100.00 -152.17|
15.72 100.00 -152.17|
18.72 100.00 -152.17|
21.72 100.00 -152.17|
24.72 100.00 -152.17|
27.72 100.00 -152.17|
30.72 100.00 -152.17|
33.72 100.00 -152.17|
36.72 100.00 -152.17|
39.72 100.00 -152.17|
43.64 100.00 -152.17|
</vertices>
</customField>
