<?xml version="1.0" encoding="utf-8" standalone="no"?>
<customField name="CP-3">
    <vertices>
-197.49 100.10 -153.75|
-194.49 100.01 -153.74|
-191.49 100.00 -153.74|
-188.49 100.00 -153.73|
-185.49 100.00 -153.72|
-182.49 100.00 -153.71|
-179.49 100.00 -153.70|
-176.49 100.00 -153.70|
-173.49 100.00 -153.69|
-170.49 100.00 -153.68|
-167.49 100.00 -153.67|
-164.49 100.00 -153.66|
-161.49 100.03 -153.66|
-158.49 100.10 -153.65|
-155.49 100.20 -153.64|
-152.49 100.34 -153.63|
-149.49 100.50 -153.62|
-146.49 100.69 -153.61|
-143.49 100.90 -153.61|
-140.49 101.11 -153.60|
-137.49 101.34 -153.59|
-134.49 101.56 -153.58|
-131.49 101.79 -153.57|
-128.49 102.01 -153.57|
-125.49 102.23 -153.56|
-122.49 102.44 -153.55|
-119.49 102.65 -153.54|
-116.49 102.85 -153.53|
-113.49 103.04 -153.53|
-110.49 103.22 -153.52|
-107.49 103.37 -153.51|
-104.49 103.51 -153.50|
-101.49 103.62 -153.49|
-98.49 103.71 -153.48|
-95.49 103.77 -153.48|
-92.49 103.80 -153.47|
-89.49 103.81 -153.46|
-86.49 103.78 -153.45|
-83.49 103.72 -153.44|
-80.49 103.62 -153.44|
-77.49 103.48 -153.43|
-74.49 103.31 -153.42|
-71.49 103.12 -153.41|
-68.49 102.89 -153.40|
-65.49 102.64 -153.40|
-62.49 102.37 -153.39|
-57.16 101.87 -153.37|
-57.16 102.12 -150.37|
-57.16 102.37 -147.37|
-57.16 102.60 -144.37|
-57.16 102.83 -141.37|
-57.16 103.05 -138.37|
-57.16 103.24 -135.37|
-57.16 103.44 -132.37|
-57.16 103.61 -129.37|
-57.16 103.76 -126.37|
-57.16 103.90 -123.37|
-57.16 104.01 -120.37|
-57.16 104.10 -117.37|
-57.16 104.17 -114.37|
-57.16 104.21 -111.37|
-57.16 104.25 -108.37|
-57.16 104.30 -105.37|
-57.16 104.38 -102.37|
-57.16 104.50 -99.37|
-57.16 104.66 -96.37|
-57.16 104.84 -93.37|
-57.16 105.02 -90.37|
-57.16 105.19 -87.37|
-57.16 105.29 -84.37|
-57.16 105.29 -81.37|
-57.16 105.18 -78.37|
-57.16 105.02 -75.37|
-57.16 104.80 -72.37|
-57.16 104.57 -69.37|
-57.16 104.37 -66.37|
-57.16 104.21 -63.37|
-57.16 104.13 -60.37|
-57.16 104.10 -57.37|
-57.16 104.02 -54.37|
-57.16 103.93 -51.37|
-57.16 103.86 -48.37|
-57.16 103.78 -45.37|
-57.16 103.71 -42.37|
-57.16 103.65 -39.37|
-57.16 103.58 -36.37|
-57.16 103.51 -33.37|
-57.16 103.45 -30.37|
-57.16 103.39 -27.37|
-57.16 103.32 -24.37|
-57.16 103.26 -21.37|
-57.16 103.18 -18.37|
-57.16 103.00 -13.05|
-60.16 103.19 -13.06|
-63.16 103.36 -13.07|
-66.16 103.51 -13.08|
-69.16 103.66 -13.09|
-72.16 103.81 -13.10|
-75.16 103.95 -13.11|
-78.16 104.06 -13.11|
-81.16 104.18 -13.12|
-84.16 104.29 -13.13|
-87.16 104.41 -13.14|
-90.16 104.53 -13.15|
-93.16 104.66 -13.16|
-96.16 104.78 -13.17|
-99.16 104.91 -13.18|
-102.16 105.04 -13.19|
-105.16 105.15 -13.20|
-108.16 105.25 -13.21|
-111.16 105.34 -13.22|
-114.16 105.41 -13.23|
-117.16 105.43 -13.24|
-120.16 105.44 -13.25|
-123.16 105.43 -13.26|
-126.16 105.40 -13.27|
-129.16 105.36 -13.28|
-132.16 105.31 -13.29|
-135.16 105.24 -13.30|
-138.16 105.15 -13.31|
-141.16 105.05 -13.32|
-144.16 104.94 -13.33|
-147.16 104.82 -13.34|
-150.16 104.68 -13.35|
-153.16 104.52 -13.36|
-156.16 104.36 -13.37|
-159.16 104.18 -13.38|
-162.16 103.99 -13.39|
-165.16 103.80 -13.40|
-168.16 103.59 -13.41|
-171.16 103.38 -13.41|
-174.73 103.12 -13.43|
-174.76 102.93 -16.43|
-174.79 102.74 -19.43|
-174.81 102.54 -22.43|
-174.84 102.34 -25.43|
-174.87 102.15 -28.43|
-174.89 101.97 -31.43|
-174.92 101.79 -34.43|
-174.95 101.60 -37.43|
-174.97 101.43 -40.43|
-175.00 101.26 -43.43|
-175.03 101.10 -46.43|
-175.06 100.97 -49.42|
-175.08 100.84 -52.42|
-175.11 100.73 -55.52|
-177.31 100.60 -57.57|
-179.50 100.58 -59.61|
-181.70 100.57 -61.65|
-183.90 100.50 -63.70|
-186.10 100.36 -65.74|
-188.29 100.19 -67.78|
-190.49 100.04 -69.82|
-192.69 100.00 -71.87|
-196.73 100.00 -75.62|
-196.73 100.00 -78.62|
-196.73 100.00 -81.62|
-196.73 100.00 -84.62|
-196.73 100.00 -87.62|
-196.73 100.00 -90.62|
-196.73 100.00 -93.62|
-196.73 100.00 -96.62|
-196.73 100.00 -99.62|
-196.73 100.00 -102.62|
-196.73 100.00 -105.62|
-196.73 100.00 -108.62|
-196.73 100.00 -111.62|
-196.73 100.00 -114.62|
-196.73 100.00 -117.62|
-196.73 100.00 -120.62|
-196.73 100.00 -123.62|
-196.73 100.00 -126.62|
-196.73 100.00 -129.62|
-196.73 100.00 -132.62|
-196.73 100.00 -135.62|
-196.73 100.00 -138.62|
-196.73 100.00 -141.62|
-196.73 100.00 -144.62|
-196.73 100.00 -147.62|
-196.73 100.03 -150.62|
-196.73 100.09 -154.13|
</vertices>
</customField>
