<?xml version="1.0" encoding="utf-8" standalone="no"?>
<customField name="CP-4">
    <vertices>
-205.79 101.50 -1.91|
-202.79 101.71 -1.91|
-199.79 101.93 -1.91|
-196.79 102.15 -1.91|
-193.79 102.37 -1.91|
-190.79 102.60 -1.91|
-187.79 102.83 -1.91|
-184.79 103.06 -1.91|
-181.79 103.29 -1.91|
-178.79 103.52 -1.91|
-175.79 103.74 -1.91|
-172.79 103.96 -1.91|
-169.79 104.17 -1.91|
-166.79 104.36 -1.91|
-163.79 104.54 -1.91|
-160.79 104.70 -1.91|
-157.79 104.85 -1.91|
-154.79 104.98 -1.91|
-151.79 105.10 -1.91|
-148.79 105.20 -1.91|
-145.79 105.29 -1.91|
-142.79 105.36 -1.91|
-139.79 105.42 -1.91|
-136.79 105.46 -1.91|
-133.79 105.49 -1.91|
-130.79 105.50 -1.91|
-127.79 105.50 -1.91|
-124.79 105.49 -1.91|
-121.79 105.46 -1.91|
-118.79 105.42 -1.91|
-115.79 105.37 -1.91|
-112.79 105.29 -1.91|
-109.79 105.21 -1.91|
-106.79 105.11 -1.91|
-103.79 104.99 -1.91|
-100.79 104.83 -1.91|
-97.79 104.66 -1.91|
-94.79 104.50 -1.91|
-91.79 104.36 -1.91|
-88.79 104.22 -1.91|
-85.79 104.08 -1.91|
-82.79 103.94 -1.91|
-79.79 103.80 -1.91|
-76.79 103.65 -1.91|
-73.79 103.51 -1.91|
-70.79 103.37 -1.91|
-67.79 103.23 -1.91|
-64.79 103.06 -1.91|
-61.79 102.90 -1.91|
-58.79 102.74 -1.91|
-55.22 102.52 -1.91|
-55.22 102.43 1.09|
-55.22 102.33 4.09|
-55.22 102.22 7.09|
-55.22 102.12 10.09|
-55.22 102.02 13.09|
-55.22 101.92 16.09|
-55.22 101.82 19.09|
-55.22 101.71 22.09|
-55.22 101.60 25.09|
-55.22 101.49 28.09|
-55.22 101.38 31.09|
-55.22 101.27 34.09|
-55.22 101.16 37.09|
-55.22 101.04 40.09|
-55.22 100.91 43.09|
-55.22 100.77 46.09|
-55.22 100.64 49.09|
-55.22 100.52 52.09|
-55.22 100.40 55.09|
-55.22 100.29 58.09|
-55.22 100.19 61.09|
-55.22 100.12 64.09|
-55.22 100.06 67.09|
-55.22 100.02 70.09|
-55.22 100.00 73.09|
-55.22 100.00 76.09|
-55.22 100.00 79.09|
-55.22 100.00 82.09|
-55.22 100.00 85.09|
-55.22 100.00 88.09|
-55.22 100.00 91.09|
-55.22 100.01 94.09|
-55.22 100.04 97.09|
-55.22 100.10 100.09|
-55.22 100.19 103.09|
-55.22 100.32 106.09|
-55.22 100.52 109.09|
-55.22 100.77 112.09|
-55.22 101.08 115.09|
-55.22 101.45 118.09|
-55.22 101.88 121.09|
-55.22 102.35 124.09|
-55.22 102.87 127.09|
-55.22 103.43 130.09|
-55.22 104.03 133.09|
-55.22 105.07 138.04|
-58.22 104.95 138.04|
-61.22 104.82 138.04|
-64.22 104.68 138.04|
-67.22 104.54 138.04|
-70.22 104.38 138.04|
-73.22 104.22 138.04|
-76.22 104.05 138.04|
-79.22 103.87 138.04|
-82.22 103.69 138.04|
-85.22 103.50 138.04|
-88.22 103.32 138.04|
-91.22 103.12 138.04|
-94.22 102.93 138.04|
-97.22 102.74 138.04|
-100.22 102.55 138.04|
-103.22 102.36 138.04|
-106.22 102.17 138.04|
-109.22 101.99 138.04|
-112.22 101.82 138.04|
-115.22 101.66 138.04|
-118.22 101.51 138.04|
-121.22 101.36 138.04|
-124.22 101.21 138.04|
-127.22 101.08 138.04|
-130.22 100.96 138.04|
-133.22 100.84 138.04|
-136.22 100.74 138.04|
-139.22 100.65 138.04|
-142.22 100.56 138.04|
-145.22 100.48 138.04|
-148.22 100.42 138.04|
-151.22 100.35 138.04|
-154.22 100.30 138.04|
-157.22 100.24 138.04|
-160.22 100.19 138.04|
-163.22 100.14 138.04|
-166.22 100.10 138.04|
-169.22 100.07 138.04|
-172.22 100.04 138.04|
-175.22 100.02 138.04|
-178.22 100.01 138.04|
-181.22 100.00 138.04|
-184.22 100.00 138.04|
-187.22 100.00 138.04|
-190.22 100.00 138.04|
-193.22 100.00 138.04|
-196.22 100.00 138.04|
-199.22 100.00 138.04|
-202.22 100.00 138.04|
-206.17 100.00 138.04|
-206.17 100.00 135.04|
-206.17 100.00 132.04|
-206.17 100.00 129.04|
-206.17 100.00 126.04|
-206.17 100.00 123.04|
-206.17 100.00 120.04|
-206.17 100.00 117.04|
-206.17 100.00 114.04|
-206.17 100.00 111.04|
-206.17 100.00 108.04|
-206.17 99.97 105.04|
-206.17 100.00 102.04|
-206.17 100.00 99.04|
-206.17 100.00 96.04|
-206.17 100.07 93.04|
-206.17 100.41 90.04|
-206.17 100.85 87.04|
-206.17 101.29 84.04|
-206.17 101.58 81.04|
-206.17 101.71 78.04|
-206.17 101.55 75.04|
-206.17 101.38 72.04|
-206.17 101.26 69.04|
-206.17 101.36 66.04|
-206.17 101.57 63.04|
-206.17 101.79 60.04|
-206.17 102.03 57.04|
-206.17 102.24 54.04|
-206.17 102.37 51.04|
-206.17 102.49 48.04|
-206.17 102.58 45.04|
-206.17 102.65 42.04|
-206.17 102.68 39.04|
-206.17 102.69 36.04|
-206.17 102.67 33.04|
-206.17 102.63 30.04|
-206.17 102.57 27.04|
-206.17 102.50 24.04|
-206.17 102.41 21.04|
-206.17 102.31 18.04|
-206.17 102.21 15.04|
-206.17 102.09 12.04|
-206.17 101.97 9.04|
-206.17 101.84 6.04|
-206.17 101.70 3.04|
-206.17 101.56 0.04|
-206.17 101.42 -3.05|
</vertices>
</customField>
