<?xml version="1.0" encoding="utf-8" standalone="no"?>
<customField name="CP-5">
    <vertices>
56.91 100.00 60.56|
59.91 100.00 60.55|
62.91 100.00 60.54|
65.91 100.00 60.53|
68.91 100.00 60.52|
71.91 100.00 60.52|
74.91 100.00 60.51|
77.91 100.00 60.50|
80.91 100.00 60.49|
83.91 100.00 60.48|
86.91 100.00 60.47|
89.91 100.00 60.46|
92.91 100.00 60.45|
95.91 100.00 60.44|
98.91 100.00 60.44|
101.91 100.00 60.43|
104.91 100.00 60.42|
107.91 100.00 60.41|
110.91 100.00 60.40|
113.91 100.00 60.39|
116.91 100.00 60.38|
119.91 100.00 60.37|
122.91 100.00 60.36|
125.91 100.00 60.36|
128.91 100.00 60.35|
131.91 100.00 60.34|
134.91 100.00 60.33|
137.91 100.00 60.32|
140.91 100.00 60.31|
143.91 100.00 60.30|
146.91 100.00 60.29|
149.91 100.00 60.28|
152.91 100.00 60.27|
155.91 100.00 60.27|
158.91 100.00 60.26|
161.91 100.00 60.25|
164.91 100.00 60.24|
167.91 100.00 60.23|
170.91 100.00 60.22|
173.91 100.00 60.21|
176.91 100.00 60.20|
179.91 100.00 60.19|
182.91 100.00 60.19|
185.91 100.00 60.18|
188.91 100.00 60.17|
191.91 100.00 60.16|
194.91 100.00 60.15|
197.91 100.00 60.14|
200.91 100.00 60.13|
203.91 100.00 60.12|
206.91 100.00 60.11|
209.91 100.00 60.10|
212.91 100.00 60.10|
215.91 100.00 60.09|
218.91 100.00 60.08|
221.91 100.00 60.07|
224.91 100.00 60.06|
227.91 100.00 60.05|
230.91 100.00 60.04|
233.91 100.00 60.03|
236.91 100.00 60.02|
239.91 100.00 60.02|
242.91 100.00 60.01|
245.91 100.00 60.00|
248.91 100.00 59.99|
251.91 100.00 59.98|
254.91 100.00 59.97|
257.91 100.00 59.96|
260.91 100.00 59.95|
263.91 100.00 59.94|
266.91 100.00 59.93|
269.91 100.00 59.93|
272.91 100.00 59.92|
275.91 100.00 59.91|
278.91 100.00 59.90|
281.91 100.00 59.89|
284.91 100.00 59.88|
287.91 100.00 59.87|
290.91 100.00 59.86|
293.91 100.00 59.85|
296.91 100.00 59.85|
299.91 100.00 59.84|
302.91 100.00 59.83|
305.91 100.00 59.82|
308.91 100.00 59.81|
311.91 100.00 59.80|
317.47 100.00 59.78|
322.13 100.00 62.11|
321.74 100.00 66.77|
320.05 100.00 69.25|
318.37 100.00 71.74|
316.68 100.00 74.22|
314.99 100.00 76.70|
313.31 100.00 79.18|
311.62 100.00 81.66|
309.93 100.00 84.14|
308.25 100.00 86.62|
306.56 100.00 89.10|
304.87 100.00 91.58|
303.18 100.00 94.06|
301.50 100.00 96.54|
299.81 100.00 99.02|
298.12 100.00 101.50|
296.44 100.03 103.99|
294.75 100.10 106.47|
293.06 100.20 108.95|
291.38 100.30 111.43|
289.69 100.42 113.91|
288.00 100.59 116.39|
286.32 100.76 118.87|
284.63 100.97 121.35|
282.13 101.39 125.02|
279.13 101.51 125.05|
276.13 101.61 125.09|
273.13 101.69 125.12|
270.13 101.76 125.15|
267.13 101.81 125.19|
264.13 101.85 125.22|
261.13 101.86 125.25|
258.13 101.86 125.29|
255.14 101.83 125.32|
252.14 101.79 125.35|
247.19 101.67 125.41|
244.41 101.76 126.54|
241.63 101.84 127.68|
238.85 101.91 128.81|
236.08 101.97 129.94|
233.30 102.02 131.08|
230.52 102.06 132.21|
227.74 102.10 133.34|
224.97 102.13 134.48|
222.19 102.16 135.61|
219.41 102.18 136.75|
216.63 102.20 137.88|
213.86 102.23 139.01|
209.13 102.26 140.94|
206.13 102.08 140.94|
203.13 101.89 140.94|
200.13 101.72 140.94|
197.13 101.56 140.94|
194.13 101.40 140.94|
191.13 101.25 140.94|
188.13 101.11 140.94|
185.13 100.96 140.94|
182.13 100.83 140.94|
179.13 100.71 140.94|
176.13 100.60 140.94|
173.13 100.48 140.94|
170.13 100.40 140.94|
167.13 100.31 140.94|
164.13 100.24 140.94|
161.13 100.17 140.94|
158.13 100.12 140.94|
155.13 100.07 140.94|
152.13 100.04 140.94|
149.13 100.02 140.94|
146.13 100.00 140.94|
143.13 100.00 140.94|
140.13 100.00 140.94|
137.13 100.00 140.94|
134.13 100.00 140.94|
131.13 100.00 140.94|
128.13 100.00 140.94|
125.13 100.00 140.94|
122.13 100.00 140.94|
119.13 100.00 140.94|
116.13 100.00 140.94|
113.13 100.00 140.94|
110.13 100.00 140.94|
107.13 100.00 140.94|
101.18 100.00 140.94|
99.65 100.00 138.36|
98.12 100.00 135.78|
96.59 100.00 133.20|
95.06 100.00 130.62|
93.53 100.00 128.04|
92.00 100.00 125.46|
90.47 100.00 122.88|
88.94 100.00 120.30|
87.41 100.00 117.71|
85.88 100.00 115.13|
84.35 100.00 112.55|
82.82 100.00 109.97|
81.29 100.00 107.39|
79.76 100.00 104.81|
78.23 100.00 102.23|
76.71 100.00 99.65|
75.18 100.00 97.07|
73.65 100.00 94.49|
72.12 100.00 91.91|
70.59 100.00 89.33|
69.06 100.00 86.75|
67.53 100.00 84.17|
66.00 100.00 81.59|
64.47 100.00 79.00|
62.94 100.00 76.42|
61.41 100.00 73.84|
59.88 100.00 71.26|
58.35 100.00 68.68|
56.53 100.00 65.61|
56.53 100.00 59.78|
</vertices>
</customField>
