<?xml version="1.0" encoding="utf-8" standalone="no"?>
<customField name="CP-6">
    <vertices>
-516.99 100.00 237.15|
-513.99 100.00 237.15|
-510.99 100.00 237.15|
-507.99 100.00 237.15|
-504.99 100.00 237.15|
-501.99 100.00 237.15|
-498.99 100.00 237.15|
-495.99 100.00 237.15|
-492.99 100.00 237.15|
-489.99 100.00 237.15|
-486.99 100.00 237.15|
-483.99 100.00 237.15|
-480.99 100.00 237.15|
-477.99 100.00 237.15|
-474.99 100.00 237.15|
-471.99 100.00 237.15|
-468.99 100.00 237.15|
-465.99 100.00 237.15|
-462.99 100.00 237.15|
-459.99 100.00 237.15|
-456.99 100.00 237.15|
-453.99 100.00 237.15|
-450.99 100.00 237.15|
-447.99 100.00 237.15|
-444.99 100.00 237.15|
-441.99 100.00 237.15|
-438.99 100.00 237.15|
-435.99 100.00 237.15|
-432.99 100.00 237.15|
-429.99 100.00 237.15|
-426.99 100.00 237.15|
-423.99 100.00 237.15|
-418.00 100.00 237.15|
-415.12 100.00 237.97|
-412.23 100.00 238.78|
-409.34 100.00 239.60|
-406.46 100.00 240.42|
-403.57 100.00 241.24|
-400.68 100.00 242.05|
-397.80 100.00 242.87|
-394.91 100.00 243.69|
-392.02 100.00 244.51|
-389.14 100.00 245.32|
-386.25 100.00 246.14|
-383.36 100.00 246.96|
-380.48 100.00 247.78|
-375.15 100.00 249.29|
-375.16 100.00 252.29|
-375.18 100.00 255.29|
-375.20 100.00 258.29|
-375.22 100.00 261.29|
-375.24 100.00 264.29|
-375.26 100.00 267.28|
-375.27 100.00 270.28|
-375.29 100.00 273.28|
-375.31 100.00 276.28|
-375.33 100.00 279.28|
-375.35 100.00 282.28|
-375.37 100.00 285.28|
-375.38 100.00 288.28|
-375.40 100.00 291.28|
-375.42 100.00 294.28|
-375.44 100.00 297.28|
-375.46 100.00 300.28|
-375.47 100.00 303.28|
-375.49 100.02 306.28|
-375.52 100.10 311.48|
-378.52 100.14 311.57|
-381.52 100.18 311.66|
-384.52 100.23 311.74|
-387.52 100.29 311.83|
-390.52 100.35 311.91|
-393.52 100.42 312.00|
-396.52 100.49 312.08|
-402.07 100.63 312.24|
-404.78 100.76 313.53|
-407.49 100.90 314.82|
-410.20 101.03 316.10|
-412.91 101.18 317.39|
-417.24 101.40 319.45|
-419.67 101.58 321.21|
-422.10 101.75 322.98|
-424.52 101.92 324.74|
-426.95 102.09 326.51|
-429.76 102.27 328.55|
-431.47 102.49 331.01|
-433.19 102.71 333.47|
-434.91 102.92 335.93|
-436.62 103.13 338.40|
-438.48 103.36 341.07|
-439.97 103.58 343.67|
-441.46 103.80 346.28|
-442.95 104.01 348.88|
-444.44 104.21 351.48|
-445.92 104.41 354.09|
-447.58 104.62 356.99|
-449.93 104.74 358.86|
-452.28 104.85 360.73|
-454.63 104.95 362.59|
-456.98 105.04 364.46|
-460.48 105.17 367.23|
-463.20 105.19 368.51|
-465.91 105.21 369.78|
-468.63 105.21 371.05|
-472.62 105.20 372.92|
-475.61 105.09 372.87|
-478.61 104.96 372.82|
-481.61 104.82 372.77|
-484.61 104.68 372.72|
-487.61 104.53 372.67|
-490.61 104.38 372.61|
-493.61 104.22 372.56|
-496.61 104.05 372.51|
-499.61 103.88 372.46|
-502.61 103.70 372.41|
-505.61 103.52 372.35|
-508.61 103.34 372.30|
-511.61 103.15 372.25|
-516.61 102.83 372.17|
-516.63 102.66 369.17|
-516.64 102.49 366.17|
-516.66 102.31 363.17|
-516.68 102.14 360.17|
-516.69 101.98 357.17|
-516.71 101.82 354.17|
-516.73 101.66 351.17|
-516.74 101.50 348.17|
-516.76 101.35 345.17|
-516.78 101.20 342.17|
-516.79 101.06 339.17|
-516.81 100.92 336.17|
-516.83 100.78 333.17|
-516.84 100.66 330.17|
-516.86 100.54 327.17|
-516.88 100.42 324.17|
-516.90 100.32 321.17|
-516.91 100.22 318.17|
-516.93 100.14 315.17|
-516.95 100.08 312.17|
-516.96 100.03 309.17|
-516.98 100.01 306.17|
-517.00 100.00 303.17|
-517.01 100.00 300.17|
-517.03 100.00 297.17|
-517.05 100.00 294.17|
-517.06 100.00 291.17|
-517.08 100.00 288.17|
-517.10 100.00 285.17|
-517.11 100.00 282.17|
-517.13 100.00 279.17|
-517.15 100.00 276.17|
-517.16 100.00 273.17|
-517.18 100.00 270.17|
-517.20 100.00 267.17|
-517.21 100.00 264.17|
-517.23 100.00 261.17|
-517.25 100.00 258.17|
-517.26 100.00 255.17|
-517.28 100.00 252.17|
-517.30 100.00 249.17|
-517.32 100.00 246.17|
-517.33 100.00 243.17|
-517.35 100.00 240.17|
-517.37 100.00 236.77|
</vertices>
</customField>
