<?xml version="1.0" encoding="utf-8" standalone="no"?>
<customField name="CP-7">
    <vertices>
30.80 105.00 1005.04|
25.51 105.00 1004.68|
25.23 105.00 1004.56|
23.01 105.00 1003.22|
22.22 105.00 1002.48|
21.93 105.00 1001.88|
21.92 105.00 1001.85|
21.91 105.00 1001.81|
21.90 105.00 1001.78|
21.89 105.00 1001.74|
21.88 105.00 1001.70|
21.87 105.00 1001.66|
21.86 105.00 1001.63|
21.85 105.00 1001.59|
21.84 105.00 1001.55|
21.83 105.00 1001.51|
21.82 105.00 1001.47|
21.81 105.00 1001.43|
21.80 105.00 1001.39|
21.79 105.00 1001.35|
21.78 105.00 1001.32|
21.77 105.00 1001.28|
21.76 105.00 1001.24|
21.75 105.00 1001.20|
21.75 105.00 1001.17|
21.74 105.00 1001.13|
21.73 105.00 1001.09|
21.72 105.00 1001.06|
20.99 105.00 997.26|
21.01 105.00 997.11|
21.03 105.00 997.04|
21.86 104.87 991.11|
22.14 104.14 985.13|
22.43 103.52 979.13|
22.71 102.92 973.13|
22.84 102.35 967.14|
22.97 101.82 961.17|
23.05 101.43 956.25|
23.05 101.42 956.13|
23.05 101.25 953.63|
23.12 101.01 950.01|
23.12 101.01 949.88|
23.06 100.76 945.55|
23.06 100.76 945.41|
23.11 100.47 939.35|
23.17 100.25 933.32|
23.19 100.14 929.60|
23.18 100.14 929.42|
22.97 100.04 923.37|
22.88 100.00 917.27|
22.82 100.00 912.09|
22.83 100.00 911.91|
22.86 100.00 907.65|
22.86 100.00 907.47|
22.63 100.00 901.37|
22.55 99.98 896.37|
22.56 99.98 896.18|
22.57 100.00 890.08|
22.62 100.00 883.97|
22.69 100.00 877.87|
22.76 100.00 871.75|
22.83 100.00 865.67|
22.91 100.00 859.57|
22.98 100.00 853.47|
23.05 100.00 847.37|
23.13 100.00 841.25|
23.20 100.00 835.15|
23.27 100.00 829.05|
23.34 100.00 822.95|
23.42 100.00 816.84|
23.84 100.00 810.75|
24.48 100.02 804.68|
25.39 100.00 798.66|
26.34 100.00 792.63|
27.29 100.00 786.58|
28.24 100.00 780.56|
29.18 100.00 774.56|
30.12 99.97 768.56|
31.07 100.00 762.55|
32.01 100.00 756.56|
32.94 100.00 750.62|
33.91 100.01 744.50|
34.83 100.00 738.62|
35.76 100.00 732.74|
36.68 100.00 726.85|
37.62 100.00 720.90|
38.55 100.00 714.95|
39.49 100.00 709.00|
40.43 100.00 703.04|
41.36 100.00 697.09|
42.47 100.00 691.17|
43.61 100.00 685.26|
44.67 100.00 679.33|
45.73 100.00 673.39|
46.76 100.00 667.44|
47.79 100.00 661.51|
48.83 100.00 655.58|
49.86 100.00 649.65|
50.89 99.99 643.71|
51.93 100.00 637.77|
52.96 100.00 631.84|
53.99 100.00 625.90|
55.02 100.00 620.01|
56.05 100.00 614.08|
57.08 100.00 608.15|
58.12 100.00 602.20|
59.15 100.00 596.27|
60.18 100.00 590.34|
61.21 100.00 584.41|
62.17 99.99 578.53|
63.05 100.00 572.57|
63.93 100.00 566.61|
64.81 100.00 560.65|
65.69 100.00 554.69|
66.63 100.00 548.74|
67.61 100.00 542.80|
68.59 100.00 536.85|
69.57 100.00 530.91|
70.55 100.00 524.96|
71.54 100.00 519.01|
72.52 100.00 513.06|
73.50 100.00 507.11|
74.48 100.00 501.15|
75.46 100.00 495.21|
76.45 99.97 489.25|
77.43 100.00 483.30|
78.41 100.00 477.36|
79.39 100.00 471.42|
80.37 99.99 465.47|
81.35 100.00 459.53|
82.33 100.00 453.59|
83.31 100.00 447.64|
84.29 100.00 441.70|
85.27 100.00 435.75|
86.25 100.00 429.81|
87.23 100.00 423.87|
88.22 100.06 417.92|
89.19 100.00 411.99|
90.17 100.00 406.04|
91.14 100.00 400.09|
92.12 100.00 394.15|
93.07 100.00 388.20|
93.77 100.00 382.22|
94.36 100.00 376.23|
94.92 100.01 370.22|
95.48 100.00 364.23|
96.04 100.00 358.21|
96.60 100.00 352.28|
97.16 100.00 346.30|
97.71 100.01 340.35|
98.27 100.00 334.42|
98.83 100.00 328.44|
99.34 100.00 322.46|
99.80 100.00 316.43|
100.26 100.00 310.35|
100.67 100.00 304.26|
100.97 100.00 298.16|
101.52 99.99 292.08|
102.02 100.01 286.01|
102.45 100.01 279.92|
102.81 100.02 273.81|
103.12 100.03 267.83|
103.44 100.06 261.74|
103.76 100.07 255.65|
104.08 100.10 249.54|
104.40 100.13 243.43|
104.71 100.15 237.46|
105.03 100.16 231.37|
105.35 100.13 225.28|
105.67 100.07 219.21|
106.00 100.00 213.10|
106.33 100.00 206.98|
106.65 99.99 201.03|
106.67 99.98 199.18|
106.66 99.98 198.99|
106.25 99.99 192.91|
105.37 100.00 186.86|
104.12 100.00 180.88|
103.15 100.00 174.85|
102.28 100.00 168.81|
101.16 100.00 162.78|
100.05 100.00 156.78|
98.78 100.00 150.82|
97.08 100.00 144.94|
95.15 100.00 139.14|
92.90 100.00 133.45|
90.33 100.00 127.99|
87.37 100.00 122.65|
84.18 100.00 117.55|
80.81 100.00 112.61|
77.44 100.00 107.66|
73.81 100.00 102.87|
69.84 100.00 98.43|
65.44 100.00 94.21|
61.01 100.00 90.00|
57.07 100.00 85.51|
53.54 99.99 80.62|
51.08 99.99 76.29|
50.72 100.00 75.23|
50.39 99.99 73.23|
50.42 99.99 71.87|
50.63 100.00 67.19|
50.62 100.00 67.01|
50.53 99.98 63.30|
50.54 99.99 63.11|
50.72 100.00 59.15|
50.71 99.99 58.96|
50.52 100.00 52.99|
50.34 100.00 46.95|
50.16 100.00 40.83|
49.98 100.00 34.86|
49.88 100.00 29.78|
49.88 100.00 29.57|
49.88 100.00 28.62|
49.88 100.00 22.56|
49.88 100.00 22.17|
50.06 100.00 16.18|
50.44 100.00 10.21|
50.90 100.00 4.20|
51.47 100.00 -1.73|
51.79 100.00 -7.73|
51.86 100.00 -10.89|
51.86 100.00 -11.07|
51.67 100.00 -17.21|
51.52 100.00 -23.22|
</vertices>
</customField>
