<?xml version="1.0" encoding="utf-8" standalone="no"?>
<customField name="CP-8">
    <vertices>
45.37 100.00 33.09|
45.52 100.00 39.10|
46.32 100.00 45.07|
47.02 100.00 51.07|
47.43 100.00 57.06|
47.92 100.00 63.09|
48.50 100.00 69.04|
49.43 100.00 74.97|
50.01 99.97 76.66|
52.34 100.00 82.17|
53.84 100.00 84.72|
55.11 100.00 86.22|
58.97 100.00 90.76|
62.65 100.00 95.63|
66.34 100.01 100.48|
70.00 100.00 105.37|
73.60 100.00 110.29|
76.94 100.00 115.40|
80.28 100.00 120.51|
83.55 100.00 125.69|
86.42 100.00 130.90|
89.57 100.00 136.13|
92.21 100.00 141.62|
93.71 100.00 146.19|
95.20 100.00 152.11|
96.46 100.00 158.07|
97.48 100.00 164.09|
98.04 100.00 170.16|
98.94 100.00 176.20|
99.85 100.00 182.23|
100.69 100.00 188.28|
101.29 100.00 194.35|
101.70 100.01 200.44|
101.95 100.01 206.53|
102.04 100.00 212.63|
101.77 100.01 218.74|
101.52 100.06 224.83|
101.27 100.06 230.92|
101.02 100.05 237.02|
100.62 100.04 243.11|
100.20 100.03 249.20|
99.78 100.02 255.29|
99.46 100.01 261.39|
98.95 100.00 267.46|
98.58 100.00 273.55|
98.30 100.00 279.65|
97.90 100.00 285.74|
97.49 100.00 291.83|
96.86 99.99 297.90|
96.35 100.00 303.98|
95.62 100.00 310.04|
95.15 100.00 316.12|
94.58 100.00 322.21|
94.13 100.00 328.28|
93.80 100.00 334.37|
93.63 100.00 340.48|
93.22 100.00 346.56|
93.01 100.00 352.65|
92.55 100.00 358.74|
91.88 100.00 364.80|
91.14 100.00 370.87|
90.34 100.00 376.92|
89.45 100.00 382.96|
88.68 100.00 389.01|
87.77 100.01 395.05|
86.87 100.00 401.08|
85.96 100.00 407.11|
85.06 100.01 413.15|
84.12 99.97 419.17|
83.14 99.99 425.18|
82.46 100.00 431.24|
81.65 100.00 437.30|
80.75 100.00 443.33|
79.75 100.00 449.34|
78.74 100.00 455.36|
77.67 100.00 461.37|
76.63 100.00 467.38|
75.84 100.00 473.43|
74.92 100.00 479.47|
73.91 100.00 485.49|
72.90 100.00 491.51|
71.84 100.00 497.52|
70.82 100.00 503.53|
69.90 100.00 509.57|
68.88 100.00 515.58|
67.70 100.00 521.57|
66.63 100.01 527.58|
65.56 100.00 533.59|
64.48 100.00 539.59|
63.47 100.00 545.61|
62.33 100.00 551.61|
61.15 100.00 557.60|
60.01 100.00 563.59|
58.91 100.00 569.59|
57.95 99.97 575.62|
56.96 100.00 581.63|
55.94 100.00 587.65|
55.05 99.99 593.68|
54.16 100.00 599.72|
52.99 100.00 605.71|
52.13 100.00 611.75|
51.33 100.00 617.80|
50.39 100.00 623.83|
49.62 100.00 629.89|
48.67 100.00 635.92|
47.91 99.99 641.97|
47.15 100.00 648.03|
46.02 100.00 654.02|
44.79 100.00 660.16|
43.47 100.00 666.12|
42.28 100.00 672.11|
41.13 100.00 678.10|
40.04 100.00 684.11|
38.84 100.00 690.08|
37.62 100.00 696.07|
36.31 100.00 702.05|
35.00 100.00 708.01|
33.49 100.00 713.93|
32.19 100.00 719.89|
31.12 100.00 725.90|
30.29 100.00 731.95|
29.55 100.00 737.99|
28.81 100.01 744.05|
27.84 100.00 750.08|
27.11 100.00 756.13|
26.27 99.99 762.18|
25.36 99.98 768.18|
24.46 100.00 774.21|
23.44 100.00 780.23|
22.37 99.98 786.23|
21.20 100.00 792.23|
20.16 100.00 798.23|
19.50 100.00 804.28|
19.16 99.99 810.35|
19.19 100.00 816.46|
19.28 100.00 822.56|
19.25 100.00 828.66|
19.01 100.00 834.75|
18.95 100.00 840.86|
19.13 100.00 846.96|
19.30 100.00 853.06|
19.31 99.99 859.16|
19.52 99.98 865.25|
19.62 100.00 871.35|
19.71 100.00 877.45|
19.61 100.00 883.56|
19.71 100.00 889.66|
19.65 100.00 895.76|
19.57 100.02 901.86|
19.14 100.00 907.94|
18.90 100.00 914.04|
18.82 100.04 920.15|
18.68 100.14 926.26|
18.66 100.30 932.36|
18.54 100.54 938.45|
18.34 100.85 944.55|
18.34 101.22 950.62|
18.35 101.65 956.70|
18.36 102.15 962.68|
18.37 102.70 968.72|
18.38 103.27 974.67|
18.47 103.84 980.63|
18.42 104.45 986.59|
18.38 104.98 992.57|
</vertices>
</customField>
